2.0 0 1 0 0 0
2.5 1 1 0 0 0
3.0 2 1 0 0 0
3.5 3 1 0 0 0
4.0 0 2 0 0 0
5.0 1 2 0 0 0
6.0 2 2 0 0 0
7.0 3 2 0 0 0
8.0 0 3 0 0 0
10.0 1 3 0 0 0
12.0 2 3 0 0 0
14.0 3 3 0.25 1 0
16.0 0 4 0.25 1 0
20.0 1 4 0.25 1 0
24.0 2 4 0.25 1 0
28.0 3 4 0.25 1 0
32.0 0 5 0.25 1 0
40.0 1 5 0.5 2 0
48.0 2 5 0.5 2 0
56.0 3 5 0.5 2 0
64.0 0 6 0.75 3 0
80.0 1 6 0.75 3 0
96.0 2 6 0.75 3 0
112.0 3 6 0.75 3 0
128.0 0 7 0.75 3 0
160.0 1 7 2.0 0 1
192.0 2 7 2.0 0 1
224.0 3 7 2.0 0 1
256.0 0 8 2.5 1 1
320.0 1 8 3.0 2 1
384.0 2 8 4.0 0 2
448.0 3 8 4.0 0 2
512.0 0 9 5.0 1 2
640.0 1 9 6.0 2 2
768.0 2 9 8.0 0 3
896.0 3 9 8.0 0 3
1024.0 0 10 10.0 1 3
1280.0 1 10 12.0 2 3
1536.0 2 10 16.0 0 4
1792.0 3 10 16.0 0 4
2048.0 0 11 20.0 1 4
2560.0 1 11 24.0 2 4
3072.0 2 11 32.0 0 5
3584.0 3 11 32.0 0 5
4096.0 0 12 40.0 1 5
5120.0 1 12 48.0 2 5
6144.0 2 12 64.0 0 6
7168.0 3 12 64.0 0 6
8192.0 0 13 80.0 1 6
10240.0 1 13 96.0 2 6
12288.0 2 13 128.0 0 7
14336.0 3 13 128.0 0 7
16384.0 0 14 160.0 1 7
20480.0 1 14 192.0 2 7
24576.0 2 14 256.0 0 8
28672.0 3 14 256.0 0 8
32768.0 0 15 320.0 1 8
40960.0 1 15 384.0 2 8
49152.0 2 15 512.0 0 9
57344.0 3 15 512.0 0 9
65536.0 0 16 640.0 1 9
81920.0 1 16 768.0 2 9
98304.0 2 16 1024.0 0 10
114688.0 3 16 1024.0 0 10
131072.0 0 17 1280.0 1 10
163840.0 1 17 1536.0 2 10
196608.0 2 17 2048.0 0 11
229376.0 3 17 2048.0 0 11
262144.0 0 18 2560.0 1 11
327680.0 1 18 3072.0 2 11
393216.0 2 18 4096.0 0 12
458752.0 3 18 4096.0 0 12
524288.0 0 19 5120.0 1 12
655360.0 1 19 6144.0 2 12
786432.0 2 19 8192.0 0 13
917504.0 3 19 8192.0 0 13
1048576.0 0 20 10240.0 1 13
1310720.0 1 20 12288.0 2 13
1572864.0 2 20 16384.0 0 14
1835008.0 3 20 16384.0 0 14
2097152.0 0 21 20480.0 1 14
2621440.0 1 21 24576.0 2 14
3145728.0 2 21 32768.0 0 15
3670016.0 3 21 32768.0 0 15
4194304.0 0 22 40960.0 1 15
5242880.0 1 22 49152.0 2 15
6291456.0 2 22 65536.0 0 16
7340032.0 3 22 65536.0 0 16
8388608.0 0 23 81920.0 1 16
10485760.0 1 23 98304.0 2 16
12582912.0 2 23 131072.0 0 17
14680064.0 3 23 131072.0 0 17
16777216.0 0 24 163840.0 1 17
20971520.0 1 24 196608.0 2 17
25165824.0 2 24 262144.0 0 18
29360128.0 3 24 262144.0 0 18
33554432.0 0 25 327680.0 1 18
41943040.0 1 25 393216.0 2 18
50331648.0 2 25 524288.0 0 19
58720256.0 3 25 524288.0 0 19
67108864.0 0 26 655360.0 1 19
83886080.0 1 26 786432.0 2 19
100663296.0 2 26 1048576.0 0 20
117440512.0 3 26 1048576.0 0 20
134217728.0 0 27 1310720.0 1 20
167772160.0 1 27 1572864.0 2 20
201326592.0 2 27 2097152.0 0 21
234881024.0 3 27 2097152.0 0 21
268435456.0 0 28 2621440.0 1 21
335544320.0 1 28 3145728.0 2 21
402653184.0 2 28 4194304.0 0 22
469762048.0 3 28 4194304.0 0 22
536870912.0 0 29 5242880.0 1 22
671088640.0 1 29 6291456.0 2 22
805306368.0 2 29 8388608.0 0 23
939524096.0 3 29 8388608.0 0 23
1073741824.0 0 30 10485760.0 1 23
1342177280.0 1 30 12582912.0 2 23
1610612736.0 2 30 16777216.0 0 24
1879048192.0 3 30 16777216.0 0 24
2147483648.0 0 31 20971520.0 1 24
2684354560.0 1 31 25165824.0 2 24
3221225472.0 2 31 33554432.0 0 25
