1000010010000000
1000010110000000
1000011010000000
1000011110000000
1000100010000000
1000100110000000
1000101010000000
1000101110000000
1000110010000000
1000110110000000
1000111010000000
1000111110000001
1001000010000001
1001000110000001
1001001010000001
1001001110000001
1001010010000001
1001010110000010
1001011010000010
1001011110000010
1001100010000011
1001100110000011
1001101010000011
1001101110000011
1001110010000011
1001110110000100
1001111010000100
1001111110000100
1010000010000101
1010000110000110
1010001010001000
1010001110001000
1010010010001001
1010010110001010
1010011010001100
1010011110001100
1010100010001101
1010100110001110
1010101010010000
1010101110010000
1010110010010001
1010110110010010
1010111010010100
1010111110010100
1011000010010101
1011000110010110
1011001010011000
1011001110011000
1011010010011001
1011010110011010
1011011010011100
1011011110011100
1011100010011101
1011100110011110
1011101010100000
1011101110100000
1011110010100001
1011110110100010
1011111010100100
1011111110100100
1100000010100101
1100000110100110
1100001010101000
1100001110101000
1100010010101001
1100010110101010
1100011010101100
1100011110101100
1100100010101101
1100100110101110
1100101010110000
1100101110110000
1100110010110001
1100110110110010
1100111010110100
1100111110110100
1101000010110101
1101000110110110
1101001010111000
1101001110111000
1101010010111001
1101010110111010
1101011010111100
1101011110111100
1101100010111101
1101100110111110
1101101011000000
1101101111000000
1101110011000001
1101110111000010
1101111011000100
1101111111000100
1110000011000101
1110000111000110
1110001011001000
1110001111001000
1110010011001001
1110010111001010
1110011011001100
1110011111001100
1110100011001101
1110100111001110
1110101011010000
1110101111010000
1110110011010001
1110110111010010
1110111011010100
1110111111010100
1111000011010101
1111000111010110
1111001011011000
1111001111011000
1111010011011001
1111010111011010
1111011011011100
1111011111011100
1111100011011101
1111100111011110
1111101011100000
1111101111100000
1111110011100001
1111110111100010
1111111011100100
