0478
0578
0678
0778
0878
0978
0a78
0b78
0c78
0d78
0e78
0f78
1078
1178
1278
1378
1478
1578
1678
1778
1878
1978
1a78
1b78
1c78
1d78
1e78
1f78
2078
2178
2278
2378
2478
2578
2678
2778
2878
2978
2a78
2b78
2c78
2d78
2e78
2f78
3078
3178
3278
3378
3478
3578
3678
3778
3878
3978
3a78
3b78
3c78
3d78
3e78
3f78
4078
4178
4278
4378
4478
4578
4678
4778
4878
4978
4a78
4b78
4c78
4d78
4e78
4f78
5078
5178
5278
5378
5478
5578
5678
5778
5878
5978
5a78
5b78
5c78
5d78
5e78
5f78
6078
6178
6278
6378
6478
6578
6678
6778
6878
6978
6a78
6b78
6c78
6d78
6e78
6f78
7078
7178
7278
7378
7478
7579
7679
7779
7879
7979
7a79
7b7a
7c7a
7d7a
7e7b
